dis_i=1.5154305230361858e+16
dis_j=1.5154305230361858e+16
