dis_i=119410567.61427747
dis_j=119410567.61427747
