dis_i=2.1774674395452844e+16
dis_j=2.1774674395452844e+16
