dis_i=7723527018.7146435
dis_j=7723527018.7146435
