dis_i=136859034029.35129
dis_j=136859034029.35129
